# mDM = 1.0 GeV	lifetime = 1e+24 s
# H0 = 67.66 km/s/Mpc	Omega_DM = 0.26069	Omega_baryon = 0.04897	mnu = 0.06 eV
# tilt = 6.0	lna_pivot = -2.04
# dxHII_dz	dxHeII_dz	dT_dz [K]	redshift
-6.16063e-08	-8.73242e-12	-9.73367e-03	2910.3366006455212
-7.31940e-08	-1.17191e-11	-1.30986e-02	2824.2936007527423
-7.88021e-08	-1.34435e-11	-1.51181e-02	2740.79355581368
-8.36224e-08	-1.47611e-11	-1.67768e-02	2659.7613101514676
-8.85818e-08	-1.59471e-11	-1.83304e-02	2581.123929275168
-9.38235e-08	-1.71083e-11	-1.98764e-02	2504.81063423381
-9.98121e-08	-1.83012e-11	-2.14803e-02	2430.752737910555
-1.06871e-07	-1.95580e-11	-2.31870e-02	2358.8835831996535
-1.15463e-07	-2.08960e-11	-2.50232e-02	2289.1384830105526
-1.26116e-07	-2.23267e-11	-2.70079e-02	2221.454662045146
-1.39408e-07	-2.38602e-11	-2.91590e-02	2155.771200295771
-1.55556e-07	-2.55065e-11	-3.14942e-02	2092.0289782130853
-1.73997e-07	-2.72792e-11	-3.40373e-02	2030.1706234944859
-1.93364e-07	-2.92018e-11	-3.68184e-02	1970.140459445162
-2.12034e-07	-3.13171e-11	-3.98636e-02	1911.8844548653112
-2.29014e-07	-3.36030e-11	-4.27955e-02	1855.3501754184138
-2.43926e-07	-3.64663e-11	-4.58353e-02	1800.4867364367888
-2.57023e-07	-4.07876e-11	-4.91330e-02	1747.2447571219598
-2.68770e-07	-4.96969e-11	-5.32745e-02	1695.5763160986019
-2.79695e-07	-7.67441e-11	-5.80660e-02	1645.4349082820697
-2.90311e-07	-2.49191e-10	-6.31129e-02	1596.775403020682
-3.01632e-07	-8.34744e-10	-6.86529e-02	1549.554003475088
-3.13321e-07	-7.64800e-10	-7.49952e-02	1503.7282071981567
-3.29000e-07	-8.63390e-10	-8.27179e-02	1459.256767879905
-3.48267e-07	-1.11431e-09	-9.18826e-02	1416.099658223034
-3.75340e-07	-1.53612e-09	-1.02604e-01	1374.2180339156607
-4.09678e-07	-2.08126e-09	-1.14718e-01	1333.5741986688133
-4.54855e-07	-2.66128e-09	-1.27926e-01	1294.131570287229
-5.14275e-07	-3.36004e-09	-1.41669e-01	1255.8546477429068
-5.91521e-07	-4.18825e-09	-1.55212e-01	1218.7089792217873
-6.95305e-07	-5.23125e-09	-1.67714e-01	1182.6611311147933
-8.15685e-07	-6.49569e-09	-1.79155e-01	1147.678657925326
-9.69162e-07	-8.45868e-09	-1.88002e-01	1113.730073066127
-1.14683e-06	-1.09090e-08	-1.94069e-01	1080.784820519225
-1.35736e-06	-1.38826e-08	-1.97172e-01	1048.813247333456
-1.60277e-06	-1.75382e-08	-1.95987e-01	1017.7865769348075
-1.86083e-06	-2.18641e-08	-1.93035e-01	987.6768832255573
-2.11571e-06	-2.63450e-08	-1.88510e-01	958.4570654489019
-2.35753e-06	-2.88913e-08	-1.82987e-01	930.1008237964452
-2.53680e-06	-3.46706e-08	-1.78429e-01	902.5826357365966
-2.64552e-06	-3.86373e-08	-1.76334e-01	875.8777330425686
-2.70235e-06	-4.26449e-08	-1.75093e-01	849.9620794993016
-2.72074e-06	-4.66275e-08	-1.74909e-01	824.8123492692475
-2.73201e-06	-5.00730e-08	-1.77246e-01	800.4059058975417
-2.77225e-06	-5.40953e-08	-1.81181e-01	776.7207819376652
-2.85056e-06	-6.02435e-08	-1.87602e-01	753.7356591792603
-2.97837e-06	-6.67877e-08	-1.95464e-01	731.4298494603021
-3.15879e-06	-7.13696e-08	-2.04884e-01	709.7832760463563
-3.37563e-06	-7.56487e-08	-2.15780e-01	688.7764555601625
-3.62578e-06	-8.04678e-08	-2.28267e-01	668.3904804452807
-3.90467e-06	-8.62494e-08	-2.43006e-01	648.6070019480125
-4.20450e-06	-9.25740e-08	-2.59356e-01	629.4082136022855
-4.52451e-06	-9.93955e-08	-2.77299e-01	610.7768352026318
-4.86472e-06	-1.06749e-07	-2.96950e-01	592.6960972508356
-5.24795e-06	-1.14809e-07	-3.18753e-01	575.149725862254
-5.65466e-06	-1.23471e-07	-3.42494e-01	558.1219281182216
-6.08534e-06	-1.32778e-07	-3.68318e-01	541.5973778513581
-6.54015e-06	-1.42770e-07	-3.96367e-01	525.5612018509826
-7.03979e-06	-1.53623e-07	-4.27068e-01	509.9989664762204
-7.58178e-06	-1.65351e-07	-4.60512e-01	494.8966646647518
-8.15533e-06	-1.77926e-07	-4.96709e-01	480.2407033255106
-8.76085e-06	-1.91406e-07	-5.35853e-01	466.01789110398437
-9.40774e-06	-2.05913e-07	-5.78273e-01	452.21542650910504
-1.01272e-05	-2.21701e-07	-6.24561e-01	438.8208863910431
-1.08881e-05	-2.38609e-07	-6.74496e-01	425.8222147595335
-1.16915e-05	-2.56724e-07	-7.28350e-01	413.2077119326713
-1.25373e-05	-2.76123e-07	-7.86381e-01	400.96602400640785
-1.34768e-05	-2.97230e-07	-8.49551e-01	389.0861326352708
-1.44833e-05	-3.19922e-07	-9.17750e-01	377.55734511510946
-1.55390e-05	-3.44873e-07	-9.92102e-01	366.36928475893905
-1.66467e-05	-3.71937e-07	-1.07257e+00	355.51188155722235
-1.78412e-05	-4.01249e-07	-1.15969e+00	344.9753631141811
-1.91542e-05	-4.33138e-07	-1.25430e+00	334.75024585198025
-2.05383e-05	-4.67423e-07	-1.35615e+00	324.8273264748677
-2.19942e-05	-5.04302e-07	-1.46576e+00	315.19767368558684
-2.35212e-05	-5.43956e-07	-1.58366e+00	305.85262014660634
-2.52404e-05	-5.87375e-07	-1.71216e+00	296.783754678931
-2.70560e-05	-6.34124e-07	-1.85051e+00	287.98291469147324
-2.89809e-05	-6.81597e-07	-1.99946e+00	279.4421788341697
-3.10321e-05	-7.26633e-07	-2.15990e+00	271.15385986823185
-3.32741e-05	-7.75054e-07	-2.33392e+00	263.11049774711216
-3.57139e-05	-8.26934e-07	-2.52238e+00	255.30485290195827
-3.82877e-05	-8.81928e-07	-2.72512e+00	247.72989972551272
-4.09979e-05	-9.40293e-07	-2.94319e+00	240.37882024859206
-4.38744e-05	-1.00247e-06	-3.17820e+00	233.24499800345433
-4.70917e-05	-1.06985e-06	-3.43445e+00	226.3220120685314
-5.04893e-05	-1.14128e-06	-3.71016e+00	219.60363128916632
-5.40721e-05	-1.21710e-06	-4.00685e+00	213.0838086691533
-5.78416e-05	-1.29761e-06	-4.32599e+00	206.7566759280332
-6.20146e-05	-1.38467e-06	-4.67355e+00	200.61653821924463
-6.65055e-05	-1.47765e-06	-5.04939e+00	194.657869004378
-7.11519e-05	-1.58418e-06	-5.45726e+00	188.87530507891768
-7.59972e-05	-1.70167e-06	-5.89796e+00	183.26364174499597
-8.11998e-05	-1.82845e-06	-6.37516e+00	177.81782812681374
-8.69452e-05	-1.96638e-06	-6.89556e+00	172.53296262451116
-9.30042e-05	-2.11413e-06	-7.45668e+00	167.404288502397
-9.93880e-05	-2.27259e-06	-8.06197e+00	162.42718960756554
-1.06101e-04	-2.44256e-06	-8.71476e+00	157.5971862150471
-1.13611e-04	-2.62858e-06	-9.43044e+00	152.90993099575346
-1.21592e-04	-2.82847e-06	-1.02046e+01	148.361205103588
-1.30015e-04	-3.04302e-06	-1.10411e+01	143.94691437819958
-1.38892e-04	-3.27336e-06	-1.19448e+01	139.66308565996178
-1.48544e-04	-3.52346e-06	-1.29301e+01	135.5058632138611
-1.59078e-04	-3.79505e-06	-1.40056e+01	131.47150525907506
-1.70209e-04	-4.08662e-06	-1.51693e+01	127.55638060111707
-1.81969e-04	-4.40010e-06	-1.64292e+01	123.75696536351612
-1.94392e-04	-4.73163e-06	-1.78065e+01	120.06983981609012
-2.08224e-04	-5.08865e-06	-1.93340e+01	116.49168529695797
-2.22855e-04	-5.47083e-06	-2.09924e+01	113.01928122551976
-2.38328e-04	-5.88049e-06	-2.27940e+01	109.6495022037169
-2.54671e-04	-6.31957e-06	-2.47509e+01	106.37931520296286
-2.72602e-04	-6.79749e-06	-2.69026e+01	103.2057768342127
-2.91946e-04	-7.31338e-06	-2.92567e+01	100.12603069871429
-3.12422e-04	-7.86603e-06	-3.18179e+01	97.13730481705657
-3.34085e-04	-8.45874e-06	-3.46086e+01	94.23690913420103
-3.57322e-04	-9.09832e-06	-3.76565e+01	91.42223309825049
-3.82894e-04	-9.79523e-06	-4.10225e+01	88.69074331077626
-4.10001e-04	-1.05419e-05	-4.46900e+01	86.03998124658854
-4.38741e-04	-1.13430e-05	-4.86880e+01	83.46756104089773
-4.69188e-04	-1.22024e-05	-5.30451e+01	80.97116734187517
-5.02787e-04	-1.31416e-05	-5.78645e+01	78.54855322668008
-5.38712e-04	-1.41516e-05	-6.31352e+01	76.19753817907743
-5.76838e-04	-1.52345e-05	-6.88855e+01	73.9160061268261
-6.17071e-04	-1.63685e-05	-7.51539e+01	71.70190353707105
-6.60536e-04	-1.75893e-05	-8.20351e+01	69.55323756802507
-7.07853e-04	-1.89108e-05	-8.96144e+01	67.46807427527673
-7.58097e-04	-2.03220e-05	-9.78830e+01	65.44453687110979
-8.11478e-04	-2.18310e-05	-1.06906e+02	63.48080403526765
-8.68202e-04	-2.34449e-05	-1.16751e+02	61.5751082756421
-9.30914e-04	-2.52095e-05	-1.27670e+02	59.725734337411154
-9.97558e-04	-2.70922e-05	-1.39578e+02	57.93101765919391
-1.06909e-03	-2.86309e-05	-1.53087e+02	56.18934287483298
-1.14532e-03	-3.01030e-05	-1.68026e+02	54.49914235945585
-1.22814e-03	-3.16616e-05	-1.84537e+02	52.858894818506755
-1.31746e-03	-3.32970e-05	-2.02727e+02	51.26712391847878
-1.41246e-03	-3.49889e-05	-2.22636e+02	49.722396958114146
-1.51085e-03	-3.72939e-05	-2.44514e+02	48.22332357887632
-1.61219e-03	-4.05482e-05	-2.68635e+02	46.7685545135335
-1.72270e-03	-4.41449e-05	-2.95326e+02	45.35678037172703
-1.83979e-03	-4.80522e-05	-3.24478e+02	43.986730461431655
-1.96401e-03	-5.23024e-05	-3.56332e+02	42.657171645246976
-2.09576e-03	-5.69257e-05	-3.91111e+02	41.36690723049051
-2.23907e-03	-6.20333e-05	-4.29519e+02	40.114775892093526
-2.39232e-03	-6.75409e-05	-4.71561e+02	38.89965062733005
-2.59768e-03	-7.28071e-05	-5.24206e+02	37.72043774143839
-2.76644e-03	-7.65942e-05	-5.74200e+02	36.57607586322197
-2.95176e-03	-8.07542e-05	-6.29855e+02	35.465534989743674
-3.15389e-03	-8.52360e-05	-6.91393e+02	34.3878155592536
-3.36935e-03	-8.99288e-05	-7.58595e+02	33.341947551516064
-3.59897e-03	-9.48392e-05	-8.31941e+02	32.3269896147259
-3.84349e-03	-9.99676e-05	-9.11891e+02	31.342028218228272
-4.11073e-03	-1.05490e-04	-1.00023e+03	30.38617683027945
-4.39544e-03	-1.11241e-04	-1.09643e+03	29.458575120108375
-4.68672e-03	-1.17352e-04	-1.20374e+03	28.558388183560893
-4.99240e-03	-1.23773e-04	-1.32144e+03	27.684805791629675
-5.32192e-03	-1.30595e-04	-1.45049e+03	26.837041661193403
-5.67624e-03	-1.37809e-04	-1.59170e+03	26.014332747308888
-6.05277e-03	-1.45312e-04	-1.74510e+03	25.215938556419115
-6.45345e-03	-1.53129e-04	-1.91175e+03	24.44114047985906
-6.88111e-03	-1.61300e-04	-2.09295e+03	23.68924114705938
-7.34628e-03	-1.70073e-04	-2.29217e+03	22.959563797865826
-7.84125e-03	-1.79176e-04	-2.50804e+03	22.251451673409427
-8.36876e-03	-1.88637e-04	-2.74198e+03	21.56426742497917
-8.93155e-03	-1.98480e-04	-2.99541e+03	20.897392540365136
-9.54159e-03	-2.08988e-04	-3.27286e+03	20.25022678715577
-1.01965e-02	-2.20007e-04	-3.57429e+03	19.622187672488188
-1.08782e-02	-2.31320e-04	-3.89991e+03	19.01270991876527
-1.15912e-02	-2.42972e-04	-4.25166e+03	18.42124495486769
-1.23588e-02	-2.55230e-04	-4.63343e+03	17.84726042240285
-1.31570e-02	-2.67195e-04	-5.05252e+03	17.290239696546422
-1.39329e-02	-2.77035e-04	-5.50727e+03	16.7496814210451
-1.47629e-02	-2.87031e-04	-5.99423e+03	16.225099056962158
-1.56542e-02	-2.97249e-04	-6.51651e+03	15.71602044475955
-1.66362e-02	-3.06739e-04	-7.10818e+03	15.221987379322453
-1.76872e-02	-3.15967e-04	-7.74468e+03	14.742555197543748
-1.88098e-02	-3.24985e-04	-8.42429e+03	14.277292378097187
-2.00103e-02	-3.33766e-04	-9.14914e+03	13.825780153039084
-2.12030e-02	-3.47355e-04	-9.92326e+03	13.3876121308889
-2.24740e-02	-3.62533e-04	-1.07528e+04	12.962393930849471
-2.38425e-02	-3.77946e-04	-1.16328e+04	12.549742827837669
-2.53195e-02	-3.93632e-04	-1.25652e+04	12.149287408006002
-2.69181e-02	-4.09641e-04	-1.35517e+04	11.760667234445068
-2.85331e-02	-4.28741e-04	-1.46332e+04	11.38353252276601
-3.00391e-02	-4.51941e-04	-1.58079e+04	11.017543826270968
-3.17278e-02	-4.75958e-04	-1.70354e+04	10.662371730428113
-3.36189e-02	-5.00927e-04	-1.83164e+04	10.31769655637635
-3.57457e-02	-5.27581e-04	-1.96684e+04	9.983208073192763
-3.81227e-02	-5.55720e-04	-2.10830e+04	9.658605218663835
-4.07651e-02	-5.85114e-04	-2.25491e+04	9.343595828309141
-4.36156e-02	-5.84847e-04	-2.40828e+04	9.03789637241359
-4.67884e-02	-5.78237e-04	-2.56743e+04	8.741231700831543
-5.03341e-02	-5.72127e-04	-2.73395e+04	8.45333479533311
-5.42631e-02	-5.65538e-04	-2.90431e+04	8.173946529269719
-5.83869e-02	-4.46010e-04	-3.08355e+04	7.902815434342639
-6.29217e-02	-3.17298e-04	-3.26663e+04	7.639697474264539
-6.79567e-02	-2.25166e-04	-3.45803e+04	7.384355825110349
-7.28817e-02	-1.90643e-04	-3.65299e+04	7.1365606621597575
-7.83528e-02	-4.32340e-05	-3.88745e+04	6.89608895303943
-8.57121e-02	-4.73539e-05	-4.24731e+04	6.662724256978833
-9.38324e-02	-5.20968e-05	-4.66043e+04	6.4362565299989205
-1.02687e-01	-5.72166e-05	-5.10524e+04	6.21648193585838
-1.12328e-01	-6.26697e-05	-5.57810e+04	6.003202662587257
-1.22819e-01	-6.84325e-05	-6.08160e+04	5.796226744442824
-1.33971e-01	-7.34263e-05	-6.52519e+04	5.5953678891274565
-1.46194e-01	-7.88552e-05	-7.00761e+04	5.400445310112993
-1.59601e-01	-8.49073e-05	-7.54513e+04	5.21128356392065
-1.74275e-01	-9.15470e-05	-8.13463e+04	5.027712392210054
-1.90315e-01	-9.87854e-05	-8.77708e+04	4.8495665685352405
-2.07854e-01	-1.06727e-04	-9.48211e+04	4.676685749629697
-2.27027e-01	-1.15387e-04	-1.02511e+05	4.508914331086604
-2.47950e-01	-1.24746e-04	-1.10819e+05	4.346101307304362
-2.70779e-01	-1.34859e-04	-1.19796e+05	4.188100135571359
-2.95707e-01	-1.45805e-04	-1.29512e+05	4.034768604167636
-3.22950e-01	-1.57792e-04	-1.40156e+05	3.885968704364738
-3.52646e-01	-1.70698e-04	-1.51616e+05	3.7415665062085512
-3.85041e-01	-1.84604e-04	-1.63963e+05	3.601432037973294
-4.20356e-01	-1.99589e-04	-1.77267e+05	3.4654391691781923
-4.58911e-01	-2.15939e-04	-1.91788e+05	3.333465497061537
-5.00957e-01	-2.33595e-04	-2.07470e+05	3.205392236409935
-5.46754e-01	-2.52584e-04	-2.24336e+05	3.081104112643593
